0.245260841445997
0.328506332589313
0.717292986810207
0.549408346880227
0.630547662032768
0.459144506603479
0.899247294990346
0.473006234038621
0.895170629024506
0.699571693781763
0.267938857665285
0.154710417380556
0.381624975707382
0.130095364293084
0.159676422830671
0.896191200707108
0.0976762436330318
0.307876482605934
0.0176953282207251
0.538415367016569
0.672923548845574
0.438536896137521
0.0252820872701705
0.955797725822777
0.517692835768685
0.344389299396425
0.366527214413509
0.227684789570048
0.13655897974968
0.536337971920148
0.826664338121191
0.859491835348308
0.490828471723944
0.288340630941093
0.544020172674209
0.216317399404943
0.499490621034056
0.751945817144588
0.818408519029617
0.876951528480276
0.64347712462768
0.922327489126474
0.688795852242038
0.141720099374652
0.398342892760411
0.39822039147839
0.210003740852699
0.206515169003978
0.659417932620272
0.966268862830475
0.539670231752098
0.744001101935282
0.186585481278598
0.562593087553978
0.401609675493091
0.604219658533111
0.789708112832159
0.15825572819449
0.205985163804144
0.410591722698882
0.196381164249033
0.683392303762957
0.411219871602952
0.502762925578281
0.874896660447121
0.616637276718393
0.632803357206285
0.913285720162094
0.690459082368761
0.651285384315997
0.306798705365509
0.463034647982568
0.87944752513431
0.0960733557585627
0.193916122894734
0.0166291217319667
0.93826010171324
0.347287076059729
0.516792228911072
0.0773694275412709
0.544746336527169
0.821607710793614
0.665060591418296
0.494439957197756
0.425581887364388
0.445795025443658
0.703014454105869
0.490576941054314
0.225771152880043
0.579518181737512
0.0740804879460484
0.559314953861758
0.295742986025289
0.583262717584148
0.181285916361958
0.527257521403953
0.432867517462
0.588121070060879
0.181603238452226
0.790689371293411
0.252950433408841
0.759970749495551
0.325402209535241
0.735718006035313
0.738178171450272
0.972270094323903
0.402189404470846
0.236252058064565
0.131759226555005
0.368721733568236
0.868856183020398
0.889287069905549
0.303311296040192
0.308717840583995
0.00261608720757067
0.629113254835829
0.511628931388259
0.509628538042307
0.477497969986871
0.439252448035404
0.906901603098959
0.373313182266429
0.782613357994705
0.127110501052812
0.348145865136757
0.157389029394835
0.0574055770412087
0.603784425416961
0.534906808519736
0.562923010671511
0.660109364427626
0.142006107605994
0.644199271686375
0.612981944112107
0.675177788594738
0.572891200426966
0.538946125190705
0.0534044422674924
0.437641952419654
0.494036560412496
0.181900310330093
0.780574711738154
0.419253694592044
0.307798622408882
0.360223652562127
0.694779811659828
0.452700806315988
0.949291743570939
0.0998293152078986
0.428034643642604
0.895319283707067
0.141143381595612
0.61368327611126
0.0490030671935529
0.696772781666368
0.794077350758016
0.58941827295348
0.959391965996474
0.700864355778322
0.239537847461179
0.889195740921423
0.572667570086196
0.401212344411761
0.782128374325112
0.738380463793874
0.0993647850118577
0.840984968701378
0.730793559458107
0.37708628620021
0.965295345056802
0.0533827315084636
0.989226488862187
0.415856202598661
0.210465198848397
0.760504693957046
0.287258450873196
0.860983958235011
0.0408498423639685
0.829403570620343
0.809532317100093
0.967094195540994
0.175592847866938
0.343181102536619
0.284418131224811
0.333009774563834
0.245684161316603
0.366523836040869
0.0577380838803947
0.68689799378626
0.935855969088152
0.615484015317634
0.814234068617225
0.394172513857484
0.590881326003
0.0158587675541639
0.297844287473708
0.596838110359386
0.426314919022843
0.326852913247421
0.620185382664204
0.966354558244348
0.797853610944003
0.248324219835922
0.929801938822493
0.462326040491462
0.0974817615933716
0.299590808805078
0.142137774731964
0.491338675376028
0.203801610507071
0.274970887461677
0.204255780437961
0.519411196233705
0.279256869805977
0.938202410703525
0.714482088107616
0.930850702803582
0.386558778584003
0.115566924214363
0.113781187916175
0.405886740423739
0.0616410803049803
0.972141200909391
0.866231937194243
0.733765304554254
0.806577668059617
0.47466540033929
0.650746250525117
0.698649111669511
0.106172051280737
0.512232820503414
0.839640343794599
0.176354663912207
0.792944974498823
0.716831261524931
0.810397934634238
0.824599436484277
0.130212291609496
0.225728180725127
0.89307332993485
0.334203561767936
0.550152449170128
0.491484962869436
0.177538111340255
0.319056389620528
0.172912750858814
0.198767828289419
0.986879168078303
0.971957950154319
0.617073257220909
0.851237563649192
0.72927332832478
0.100354549707845
0.624445125227794
0.730518153402954
0.477836064063013
0.765228233300149
0.0258959468919784
0.851490661734715
0.839738140348345
0.225084208184853
0.73447708808817
0.347963618580252
0.914277952397242
0.709115070756525
0.387629632372409
0.961219128454104
0.0699495885055512
0.505931260297075
0.0311744471546263
0.196400940418243
0.313414189498872
0.778289788868278
0.405326518928632
0.0501240713056177
0.652411310467869
0.499298515031114
0.309730926761404
0.455088139511645
0.277957304380834
0.683916348265484
0.753866683458909
0.501690554898232
0.47424769308418
0.660273506073281
0.597655868623406
0.0285968349780887
0.466240236302838
0.459335573017597
0.110979821067303
0.292805727105588
0.76815669122152
0.59293149644509
0.520978401880711
0.304216484539211
0.100502664223313
0.903364290483296
0.406933777034283
0.142357263481244
0.831264530075714
0.485922118416056
0.315052254591137
0.284726998768747
0.204983563628048
0.917320356471464
0.373521061381325
0.528267773799598
0.401696808869019
0.564832703210413
0.740358101436868
0.814314395654947
0.163331042975187
0.772336134454235
0.0977112127002329
0.348561782157049
0.539034868124872
0.0651511708274484
0.116988758789375
0.813991794595495
0.416941030882299
0.667568198870867
0.494136079447344
0.663005659356713
0.190095013706014
0.550302941119298
0.425085429102182
0.327004649909213
0.34603258012794
0.86406762781553
0.230424069333822
0.74602538603358
0.44053653627634
0.804191044298932
0.247896245447919
0.939305449603125
0.577726204879582
0.910272400826216
0.158928931225091
0.164047343190759
0.556787201669067
0.123878626618534
0.0883177516516298
0.915805000113323
0.867462563328445
0.194350083591416
0.341979217017069
0.351830281084403
0.830391706433147
0.439642126904801
0.0602074197959155
0.402258568676189
0.330524966819212
0.947502914816141
0.207590131089091
0.460445863660425
0.097059918101877
0.64114334108308
0.132667658850551
0.398536125198007
0.819537627743557
0.247090593678877
0.213234834605828
0.284011957701296
0.818166353041306
0.563473492395133
0.415997056057677
0.239591502118856
0.740314281545579
0.705303956288844
0.817843927303329
0.469416956882924
0.784139381954446
0.820540657965466
0.560422014677897
0.335537055740133
0.332834493136033
0.360065078595653
0.401562057901174
0.727509075077251
0.070492506492883
0.472215868765488
0.997392976656556
0.345386718865484
0.261215428821743
0.000942194368690252
0.322827193886042
0.393969022203237
0.620916866697371
0.282057165168226
0.763773771934211
0.982566001359373
0.673187887994573
0.834766996325925
0.863618215778843
0.561234999913722
0.396302324254066
0.954327164916322
0.678426150698215
0.995007501915097
0.973819970153272
0.105919465888292
0.21289702760987
0.155426164390519
0.733427658677101
0.616929640527815
0.452145815594122
0.908583180047572
0.85605069482699
0.0276369454804808
0.728640539105982
0.0881922349799424
0.634763381676748
0.771596621721983
0.725483636138961
0.217741422820836
0.115755397826433
0.711795387323946
0.150418792851269
0.202437505125999
0.534254405414686
0.450847738888115
0.81052807578817
0.202874576905742
0.174603101564571
0.538804380688816
0.823962924769148
0.159531251527369
0.938003055751324
0.457992900861427
0.803676837589592
0.234193785581738
0.780373516026884
0.194954758742824
0.123227975796908
0.543189373798668
0.163234235951677
0.375181291252375
0.658954901155084
0.968823374481872
0.494806970236823
0.6157995860558
0.155929857399315
0.311083551729098
0.893543418729678
0.582320554181933
0.0738071505911648
0.887366260634735
0.948204389540479
0.612807093653828
0.683488233480603
0.523942756233737
0.48931920225732
0.162335400702432
0.881124693667516
0.985066008521244
0.660121938679367
0.922173694241792
0.996690736385062
0.341330332681537
0.752766923047602
0.833433413878083
0.35915568144992
0.964993638684973
0.918616552604362
0.791423243237659
0.403178576147184
0.623998983530328
0.763940099161118
0.682662965264171
0.485862360801548
0.991815391927958
0.0253643391188234
0.0853182352147996
0.970959107391536
0.905807287665084
0.934558444656432
0.901951580774039
0.0472294071223587
0.389347047777846
0.084169012028724
0.646100577898324
0.845926557667553
0.702542499871925
0.498800108209252
0.4306675568223
0.139628777513281
0.826463447650895
0.554663404123858
0.557848702417687
0.297351209679618
0.471604215214029
0.768429644173011
0.772896554321051
0.382300854660571
0.777761893579736
0.443969595944509
0.76530380290933
0.300774670904502
0.676203255075961
0.206878602737561
0.365408595884219
0.671622487949207
0.0868537642527372
0.120000065304339
0.315039484994486
0.772691521793604
0.660764272790402
0.773602463304996
0.731951107038185
0.395438262959942
0.198804890969768
0.238022995647043
0.889732777606696
0.0519688648637384
0.35748872696422
0.587374626658857
0.831897601252422
0.284980300581083
0.0402196410577744
0.374139794614166
0.213318425463513
0.75307740829885
0.298361628782004
0.645391715690494
0.181269550696015
0.31861491012387
0.997655854560435
0.647393322782591
0.308406197698787
0.512731282738969
0.326589067233726
0.563773849979043
0.985564738512039
0.17078543943353
0.0629804991185665
0.388120247749612
0.6684001958929
0.937652567168698
0.199182892683893
0.47275195363909
0.870115815894678
0.573867491912097
0.538271845551208
0.169316763291135
0.189072945388034
0.999169506598264
0.132443598471582
0.0657992013730109
0.793089688755572
0.570298844948411
0.0960832061246037
0.805366175249219
0.954805234912783
0.117050181142986
0.399948332458735
0.403676191810519
0.39541723113507
0.628500356571749
0.809852439211681
0.546952473698184
0.152526923920959
0.511026527266949
0.783877868205309
0.999049682402983
0.582202421501279
0.436621718807146
0.196157697821036
0.514813848072663
0.154541225638241
0.0367381202522665
0.391903821611777
0.768375491024926
0.00680408533662558
0.567948264069855
0.941886342829093
0.824033755576238
0.443095952039585
0.694009664468467
0.84724510111846
0.55170934018679
0.758833175292239
0.283691789489239
0.0288620565552264
0.589115519775078
0.3591585282702
0.587444426957518
0.859960484551266
0.516946714604273
0.27966914861463
0.0309383412823081
0.629955932730809
0.330419898964465
0.736520841950551
0.764194930670783
0.01222615968436
0.000134562142193317
0.0474919136613607
0.845984240295365
0.411280325613916
0.394756568828598
0.284757553832605
0.820329535519704
0.312749464297667
0.914686978794634
0.763345432002097
0.224326482973993
0.940259271068498
0.824174016946927
0.437433084705845
0.388181040529162
0.0177296288311481
0.799849364906549
0.651646818965673
0.476288261590526
0.397460951702669
0.861055195098743
0.310102236224338
0.323426653398201
0.846821561921388
0.454629687359557
0.160209008026868
0.765173662919551
0.043889086227864
0.675002129049972
0.945830204058439
0.740030794870108
0.523422644706443
0.162318075774238
0.0790860624983907
0.166625098558143
0.65862796199508
0.803072401322424
0.903456412255764
0.879752886947244
0.704344572499394
0.854095444083214
0.0840486935339868
0.178511653561145
0.601097880396992
0.259861417347565
0.81740660360083
0.0634806680027395
0.0834631996694952
0.874383036280051
0.417324192123488
0.159723476972431
0.289826308377087
0.439082100754604
0.452967591816559
0.657832525204867
0.187060705386102
0.825034877983853
0.13883103756234
0.762681580614299
0.482672920916229
0.424248107243329
0.136446045478806
0.0984819743316621
0.270965195726603
0.117512528086081
0.960200770525262
0.720547190401703
0.477722792886198
0.426837102975696
0.438162377802655
0.243708339286968
0.105867181671783
0.127248268574476
0.44448988744989
0.479053424205631
0.945945651037619
0.516658199718222
0.260654866928235
0.928231644676998
0.691646956140175
0.0176157590467483
0.182856462430209
0.772730800556019
0.585441223345697
0.799244379391894
0.515458735404536
0.667462278855965
0.566827208269387
0.407442811643705
0.133130310801789
0.135875222273171
0.0337369325570762
0.883908732095733
0.368634361540899
0.746284426888451
0.95574430655688
0.308988963952288
0.0482665009330958
0.62231655465439
0.347511120373383
0.121218462008983
0.964841441018507
0.133857927052304
0.406828600447625
0.255527743138373
0.892864472232759
0.363139026798308
0.269690833054483
0.362330550793558
0.311394831165671
0.753614307381213
0.125515069812536
0.680624504806474
0.404524320969358
0.341779082780704
0.104375526076183
0.703837079927325
0.0572350299917161
0.544575604377314
0.820095821749419
0.143378821667284
0.0904836270492524
0.510697303339839
0.0681437458842993
0.302268856903538
0.436042151879519
0.172255242010579
0.0902349506504834
0.114541652845219
0.472879010718316
0.429489677073434
0.929561821976677
0.117269654758275
0.074184174882248
0.0399434126447886
0.051449166610837
0.550988087663427
0.946241705678403
0.500052721938118
0.359202625928447
0.719086550874636
0.712793375598267
0.727683734847233
0.705059068277478
0.218201749492437
0.993174453033134
0.690536009613425
0.302949152654037
0.620402839267626
0.756395180476829
0.798767130821943
0.321376010077074
0.904354100814089
0.776859539793804
0.0340646198019385
0.751217226264998
0.642331344541162
0.245203140191734
0.263617019867525
0.126723853405565
0.116457392228767
0.862242425791919
0.591984018916264
0.187580964760855
0.699348263442516
0.594445765484124
0.040765279205516
0.958481102716178
0.409324436914176
0.318370398832485
0.719006947707385
0.357475630939007
0.936793679837137
0.72611388983205
0.317708910442889
0.265292165102437
0.421030284836888
0.390862136613578
0.865311749977991
0.101330586709082
0.83163891127333
0.447958298260346
0.934406455373392
0.253195434808731
0.36665125284344
0.441587445791811
0.247861068230122
0.0682085645385087
0.0334272601176053
0.163936637574807
0.86465226393193
0.704372662818059
0.697677056770772
0.731715146685019
0.101001447066665
0.551565169356763
0.320017747581005
0.0544146751053631
0.692585391225293
0.794728209497407
0.525350902462378
0.575202975422144
0.44155201758258
0.609464735258371
0.539789920439944
0.21395010012202
0.17928978940472
0.813665941823274
0.87043134518899
0.53008586447686
0.721930017927662
0.748751792591065
0.738547837128863
0.000672520836815238
0.392958311596885
0.626539334887639
0.0801863733213395
0.789690583245829
0.687074179993942
0.150380095699802
0.309319762978703
0.723445429001004
0.170888707507402
0.679879105649889
0.963059463072568
0.575208411319181
0.779638931620866
0.247508393833414
0.0418716401327401
0.997755632735789
0.884483616333455
0.0618954428937286
0.0417248907033354
0.377527637407184
0.218972421018407
0.268892147578299
0.792975743068382
0.353998004924506
0.834426140645519
0.816530859330669
0.603400097461417
0.587642947444692
0.972958895377815
0.135232862783596
0.137919571250677
0.53741360316053
0.2231726848986
0.101232272107154
0.182888858020306
0.529659800464287
0.907645555445924
0.978675610618666
0.589267085772008
0.876594550441951
0.293851771857589
0.622041634982452
0.0501860231161118
0.750151827232912
0.782451904146001
0.0447387690655887
0.893896613037214
0.477427256060764
0.296153635485098
0.647676677675918
0.623788048280403
0.362789420643821
0.178488103440031
0.367181350942701
0.924026580760255
0.0563181494362652
0.158177380915731
0.531219172757119
0.259888774249703
0.382936265785247
0.546674501849338
0.822904103901237
0.309295357437804
0.246808879775926
0.688466181512922
0.220573350321501
0.10231929179281
0.360263447510079
0.467509165871888
0.916242007398978
0.939025172498077
0.306465486530215
0.560958700021729
0.43692703358829
0.234019221039489
0.225329078035429
0.702131070429459
0.878271831199527
0.844186255009845
0.0994729967787862
0.737341054948047
0.123556088423356
0.971696485998109
0.610233391867951
0.213012664578855
0.37898022425361
0.0291559773031622
0.658321749418974
0.0905977450311184
0.576989969005808
0.968696321826428
0.203027197625488
0.638409699080512
0.895801583770663
0.283070576377213
0.6551684809383
0.521348825655878
0.774628069484606
0.982705753063783
0.32901525311172
0.325510835275054
0.368743046419695
0.211977663682774
0.874927521217614
0.635074893478304
0.642018286278471
0.613980386173353
0.722888587741181
0.0718725596088916
0.828608011128381
0.969747634371743
0.0198702751658857
0.662243036320433
0.790627232054248
0.186004831455648
0.171439065365121
0.765247258357704
0.290321507956833
0.889149063266814
0.729264156194404
0.144261018373072
0.299775197869167
0.607602947857231
0.0206450205296278
0.616295190062374
0.382175895618275
0.959676877595484
0.839844617759809
0.39709104411304
0.653511176351458
0.631034600082785
0.828341631684452
0.952713989419863
0.248478231253102
0.746741661801934
0.146010972093791
0.661223081406206
0.189971942221746
0.194047757890075
0.718425395200029
0.571938617620617
0.11126747704111
0.829594667535275
0.733072738396004
0.222857377724722
0.135878052329645
0.768482545856386
0.411162711214274
0.694576280657202
0.976137549849227
0.590747059555724
0.202743391040713
0.877461402211338
0.883818012662232
0.790645145112649
0.654826411278918
0.542509065708145
0.231893205549568
0.283349645091221
0.358874001773074
0.628673660801724
0.737957249861211
0.736420451896265
0.159739749971777
0.0272967214696109
0.640350758563727
0.524959591217339
0.992499474203214
0.39932352816686
0.0126007131766528
0.334488211199641
0.465033482993022
0.909936219919473
0.841002950910479
0.446978200227022
0.396094313124195
0.157037108438089
0.418069920735434
0.0258249542675912
0.397840349934995
0.0335806803777814
0.781959591666237
0.65752662695013
0.052686941344291
0.10176332690753
0.171574210282415
0.407495160121471
0.775142355822027
0.687939487397671
0.375772880157456
0.837632488226518
